$ 1 0.000005 124.26481670549957 50 5 43 5e-11
v -96 336 -96 112 0 1 50 230 0 0 0.5
34 zener-4.5 1 1.7143528192810002e-7 0 2.0000000000000084 5.1 1
z 128 112 208 112 2 zener-4.5
d 208 192 128 192 2 1N4148
r 16 336 80 336 0 100
r 80 336 144 336 0 470000
r 144 336 208 336 0 470000
c 80 288 208 288 0 4.7000000000000005e-7 166.53520171148799 0.001
w 80 288 80 336 0
w 208 288 208 336 0
w 208 288 208 192 0
c 128 192 128 112 0 0.001 4.655460673216664 0.001
w 208 192 208 112 0
w 0 112 -96 112 0
g 0 112 0 128 0 0
w 0 112 128 112 0
w 128 192 48 192 2
w -96 336 16 336 0
403 256 192 512 336 0 15_256_0_x81012_9.378101320141118_0.0001_0_2_1_-49_15_3_0.001_0
403 256 112 512 176 0 0_256_0_4354_320_0.1_0_2_0_3
